(1 , # , 4 )
(1 , include , 0 )
(1 , iostream , 0 )
(2 , # , 4 )
(2 , include , 0 )
(2 , cstring , 0 )
(4 , int , 0 )
(4 , myfunc , 1 )
(4 , ( , 4 )
(4 , int , 0 )
(4 , a , 1 )
(4 , , , 4 )
(4 , int , 0 )
(4 , b , 1 )
(4 , ) , 4 )
(4 , { , 4 )
(5 , return , 0 )
(5 , a , 1 )
(5 , * , 3 )
(5 , b , 1 )
(5 , ; , 4 )
(6 , } , 4 )
(8 , int , 0 )
(8 , main , 0 )
(8 , ( , 4 )
(8 , ) , 4 )
(8 , { , 4 )
(9 , string , 0 )
(9 , str , 1 )
(9 , = , 3 )
(9 , "aaa\\5555\"cz23x" , 2 )
(9 , ; , 4 )
(10 , char , 0 )
(10 , ch , 1 )
(10 , = , 3 )
(10 , '\\' , 2 )
(10 , , , 4 )
(10 , ch2 , 1 )
(10 , = , 3 )
(10 , '\'' , 2 )
(10 , ; , 4 )
(11 , real , 0 )
(11 , a_b_g_0 , 1 )
(11 , = , 3 )
(11 , - , 3 )
(11 , 1e-9+1.0i , 2 )
(11 , ; , 4 )
(12 , real , 0 )
(12 , _ab , 1 )
(12 , = , 3 )
(12 , 17.0 , 2 )
(12 , + , 3 )
(12 , a_b_g_0 , 1 )
(12 , ; , 4 )
(13 , real , 0 )
(13 , ab , 1 )
(13 , = , 3 )
(13 , _ab , 1 )
(13 , ; , 4 )
(14 , int , 0 )
(14 , i , 1 )
(14 , = , 3 )
(14 , 0 , 2 )
(14 , ; , 4 )
(15 , while , 0 )
(15 , ( , 4 )
(15 , i , 1 )
(15 , < , 3 )
(15 , 10 , 2 )
(15 , ) , 4 )
(15 , { , 4 )
(16 , ++ , 3 )
(16 , i , 1 )
(16 , ; , 4 )
(17 , } , 4 )
(18 , int , 0 )
(18 , e , 1 )
(18 , = , 3 )
(18 , i , 1 )
(18 , * , 3 )
(18 , _ab , 1 )
(18 , ; , 4 )
(19 , e , 1 )
(19 , += , 3 )
(19 , i , 1 )
(19 , ; , 4 )
(20 , return , 0 )
(20 , 0 , 2 )
(20 , ; , 4 )
(21 , } , 4 )
